0e015339760548602306096794382326
0e266546927425668450445617970135
0e462097431906509019562988736854
0e07766915004133176347055865026311692244
0e251331818775808475952406672980
00e1839085851394356611454660337505469745
0e908730200858058999593322639865
00e4706040169225543861400227305532507173
00e05651056780370631793326323796
0e69173478833895223726165786906905141502
00e00099
0e684322
0e817678
0e591528
0e73845709713699
0e074025
00e38549671092424173928143648452
0e01697014920826425936632356870426876167
0e4868841162506296635201967091461310754872302741
0e316321729023182394301371028665
0e34042599806027333661050958199580964722
0e495317064156922585933029613272
00e2521569708250889666329543741175098562
0e9108479697641294204710754930487725109982883677
