123456
123456789
1234
12345678
1234567890
password
111111
1234567
999999
999999999
987654321
0123456789
12345
0987654321
000000
654321
221225
112233
123123
asd123456
1212312121
1111111111
555555
0000000000
11111111
16859537
44307644
159753
9876543210
lovelove
thailand
123456789a
666666
789456123
jack16599
zxcvbnm
88888888
147258369
1122334455
25242524
thai123
123456789za
9999999999
11223344
12341234
741852963
7777777
888888
987654
0123456
00000000
222222
iloveyou
liverpool
123456a
147852369
252525
456789
0884351966
1475
99999999
212224
25232523
789456
111111111
123123123
159357
loveyou
25262526
55555
zqq7784
123456za
25219621
444444
Bapichat123456
123456789z
1q2w3e4r
25222522
147852
212224236
87654321
2222222222
2522
za123456
012345
10081997TICK
1234512345
25252525
2520
25292529
333333
a123456789
25162516
55555555
zxcvbn
0935910995
123321
12345678910
123789
1qaz2wsx
25362536
27112537
7654321
Bas3bal!
Mater555
joeyboy2012
mth99007806
012524PTC
101010Bee
121212
1234567891
131313
25202520
25272527
25302530
313326339
3571138
44444444
5555555
777777
963852741
abc123
dragon
qazwsx
1111
111222
111222333
123654
135790
147258
25132513
2514
2516
25182518
5555555555
963852
ann23102521
pop2512
qwerty
tent91257
246810
456123
LOVE0909
a123456
asdfghjkl
0873029756
098765
11111
12344321
140136
